0
0, 364
0, 541
0, 706
0, 1000
1
1, 524
1, 581
1, 833
2
2, 215
2, 643
2, 703
3
3, 356
3, 381
3, 390
3, 403
3, 649
3, 684
3, 841
3, 988
3, 995
4
4, 20
4, 322
4, 413
4, 448
4, 532
4, 558
5
5, 494
5, 536
6
6, 366
6, 452
7
7, 46
7, 465
7, 518
8
8, 83
8, 216
8, 238
8, 268
8, 698
8, 732
8, 818
9
9, 27
9, 253
9, 587
9, 882
9, 959
10
10, 44
10, 46
10, 116
10, 425
10, 560
10, 690
10, 906
11
11, 275
11, 306
11, 345
11, 403
12
12, 109
12, 199
12, 225
12, 243
12, 447
12, 454
12, 502
12, 894
13
13, 419
13, 424
13, 951
14
14, 113
14, 223
14, 347
14, 406
14, 578
14, 645
14, 890
15
15, 163
15, 246
15, 322
15, 335
15, 415
15, 458
15, 731
15, 873
15, 966
16
16, 537
16, 550
17
17, 19
17, 360
17, 626
17, 878
17, 958
18
18, 144
18, 526
18, 885
18, 958
19
19, 17
19, 116
19, 349
19, 684
19, 771
19, 843
19, 848
19, 923
19, 929
19, 990
20
20, 4
20, 103
20, 164
20, 278
20, 355
20, 518
20, 888
21
21, 404
21, 434
21, 447
21, 484
21, 842
22
22, 52
22, 730
23
23, 401
23, 578
23, 610
23, 857
24
24, 989
25
25, 584
25, 847
25, 928
26
26, 587
27
27, 9
27, 64
27, 955
28
28, 117
28, 175
28, 533
28, 549
28, 646
28, 662
28, 855
29
29, 106
29, 150
29, 183
29, 228
29, 287
29, 294
29, 322
29, 819
29, 917
30
30, 144
30, 152
30, 546
30, 583
30, 763
30, 810
30, 925
31
31, 184
31, 277
31, 357
31, 532
31, 743
32
32, 188
32, 367
32, 387
32, 473
32, 714
33
33, 158
33, 159
33, 703
34
34, 372
34, 504
34, 792
34, 840
35
35, 72
35, 227
35, 420
35, 771
35, 780
36
36, 128
36, 163
36, 243
36, 380
36, 545
36, 552
36, 855
37
37, 163
37, 598
37, 640
37, 725
37, 738
38
38, 161
38, 192
38, 734
38, 806
38, 890
38, 900
38, 937
39
39, 209
39, 313
39, 541
39, 855
40
40, 103
40, 178
40, 204
40, 311
40, 355
40, 401
40, 454
40, 611
40, 996
41
41, 181
41, 504
41, 575
41, 716
41, 815
42
42, 49
42, 455
42, 833
43
43, 116
43, 559
43, 660
43, 717
43, 888
43, 926
44
44, 10
44, 244
44, 506
44, 596
44, 694
44, 783
45
45, 66
45, 934
46
46, 7
46, 10
46, 355
46, 369
46, 591
46, 703
46, 828
46, 943
47
47, 214
47, 566
47, 631
47, 726
47, 889
48
48, 218
48, 262
48, 275
48, 673
49
49, 42
49, 211
49, 232
49, 629
49, 845
50
50, 367
50, 554
50, 577
50, 825
50, 859
51
51, 142
51, 585
51, 664
52
52, 22
52, 153
52, 883
53
53, 154
53, 186
53, 262
53, 402
53, 406
53, 609
53, 722
54
54, 137
54, 205
54, 292
54, 454
54, 466
54, 971
55
55, 182
55, 276
55, 318
55, 649
55, 892
55, 972
56
56, 306
57
57, 354
57, 434
57, 669
58
58, 249
58, 569
58, 666
58, 960
58, 988
59
59, 132
59, 647
59, 880
60
60, 428
60, 518
60, 634
60, 720
60, 753
61
61, 216
61, 549
61, 961
62
62, 487
62, 965
63
63, 304
63, 352
63, 907
64
64, 27
64, 378
64, 435
64, 484
64, 844
65
66
66, 45
66, 232
66, 286
66, 376
66, 443
66, 548
66, 626
66, 894
67
67, 147
67, 267
67, 308
67, 399
67, 451
67, 814
67, 941
67, 956
68
68, 188
68, 274
68, 348
68, 439
68, 464
69
69, 158
69, 240
69, 433
69, 589
69, 715
69, 814
69, 848
70
70, 163
70, 302
71
71, 77
71, 633
71, 667
72
72, 35
72, 433
72, 752
73
73, 281
73, 299
73, 336
73, 404
73, 426
73, 449
73, 537
73, 778
74
74, 359
74, 367
74, 502
74, 692
74, 701
74, 788
74, 806
75
75, 238
75, 654
76
76, 500
76, 524
76, 841
77
77, 71
77, 644
77, 847
77, 910
78
78, 105
78, 124
78, 330
78, 370
78, 680
78, 958
79
79, 528
79, 808
80
80, 137
80, 211
80, 240
80, 333
80, 585
80, 838
80, 888
80, 895
80, 901
80, 996
81
81, 120
81, 224
81, 260
81, 344
82
82, 113
82, 487
82, 833
82, 938
83
83, 8
83, 229
83, 579
84
84, 618
84, 710
85
85, 317
85, 455
85, 510
85, 661
85, 727
85, 817
85, 836
85, 952
86
86, 305
86, 310
86, 789
87
87, 319
87, 785
87, 898
88
88, 279
88, 307
88, 808
88, 911
89
89, 261
89, 370
89, 586
90
90, 128
90, 186
90, 416
90, 691
90, 835
91
91, 98
91, 199
91, 365
91, 805
91, 915
91, 971
92
92, 406
92, 526
92, 588
92, 622
92, 735
92, 808
92, 943
93
93, 167
93, 210
93, 233
93, 382
93, 773
93, 790
93, 850
93, 852
94
94, 361
94, 877
94, 878
94, 918
95
95, 378
96
96, 543
97
97, 262
97, 308
97, 647
97, 729
97, 757
97, 826
97, 837
98
98, 91
98, 112
98, 195
98, 339
98, 638
98, 750
98, 863
98, 958
99
99, 152
99, 246
99, 412
99, 756
99, 942
100
100, 111
100, 509
100, 809
100, 878
101
101, 309
101, 481
101, 648
101, 700
101, 719
101, 898
101, 962
102
102, 169
102, 352
102, 416
102, 830
102, 928
103
103, 20
103, 40
103, 232
103, 421
104
104, 382
104, 426
104, 893
105
105, 78
105, 735
105, 940
106
106, 29
106, 651
107
107, 201
107, 431
107, 550
107, 651
107, 765
108
108, 136
108, 401
108, 612
108, 940
108, 978
109
109, 12
109, 455
110
110, 194
110, 705
110, 774
111
111, 100
111, 617
111, 844
111, 859
112
112, 98
112, 125
112, 291
112, 393
112, 863
113
113, 14
113, 82
113, 352
113, 371
113, 391
113, 712
114
114, 508
114, 735
114, 891
115
115, 153
115, 229
115, 301
115, 308
115, 387
115, 520
115, 616
115, 757
115, 980
116
116, 10
116, 19
116, 43
116, 311
116, 443
117
117, 28
117, 149
117, 436
117, 629
117, 990
118
118, 299
118, 583
118, 706
119
119, 300
119, 537
119, 646
119, 667
119, 750
119, 790
119, 886
120
120, 81
120, 161
120, 393
120, 437
120, 638
121
121, 960
122
122, 543
122, 695
122, 739
122, 773
122, 830
123
123, 536
123, 767
123, 986
124
124, 78
124, 162
124, 387
124, 413
124, 499
124, 543
124, 811
124, 971
125
125, 112
125, 287
125, 548
125, 689
125, 900
126
126, 141
126, 522
126, 724
126, 846
127
127, 385
127, 618
127, 680
127, 805
127, 992
128
128, 36
128, 90
128, 524
128, 594
128, 605
128, 1000
129
129, 199
129, 590
129, 730
129, 753
129, 845
130
130, 228
130, 251
130, 607
130, 676
130, 843
130, 902
131
131, 350
131, 377
131, 495
132
132, 59
132, 792
133
133, 219
133, 229
133, 275
133, 513
133, 611
133, 891
134
134, 676
134, 959
135
135, 350
135, 395
136
136, 108
136, 143
136, 444
136, 600
136, 713
136, 891
137
137, 54
137, 80
137, 311
137, 347
137, 398
137, 457
137, 599
137, 714
137, 799
138
138, 443
138, 777
138, 846
138, 922
139
139, 229
139, 330
139, 396
139, 427
139, 474
139, 478
139, 571
139, 829
139, 857
140
140, 200
140, 290
140, 335
140, 896
140, 898
140, 899
141
141, 126
141, 153
141, 240
141, 331
141, 346
141, 516
141, 532
141, 637
141, 773
141, 994
142
142, 51
142, 152
142, 307
142, 350
143
143, 136
143, 177
143, 184
143, 194
143, 643
143, 725
144
144, 18
144, 30
144, 310
144, 377
144, 950
144, 980
144, 991
145
145, 255
145, 352
145, 496
145, 736
145, 782
145, 787
145, 894
145, 950
146
146, 447
146, 554
146, 577
146, 702
146, 759
147
147, 67
147, 391
147, 393
147, 678
147, 679
147, 746
147, 775
147, 855
148
148, 356
148, 583
148, 814
149
149, 117
149, 732
150
150, 29
150, 292
150, 346
150, 495
150, 718
150, 926
151
151, 250
151, 400
151, 836
151, 907
152
152, 30
152, 99
152, 142
152, 702
152, 758
153
153, 52
153, 115
153, 141
153, 197
153, 417
153, 709
153, 890
153, 965
153, 969
154
154, 53
154, 199
154, 272
154, 499
154, 575
155
155, 401
155, 409
155, 457
155, 539
155, 717
156
156, 180
156, 254
156, 595
156, 623
156, 833
157
157, 229
157, 317
157, 359
158
158, 33
158, 69
158, 308
158, 422
158, 740
159
159, 33
159, 448
159, 926
160
160, 181
160, 302
160, 448
160, 456
160, 587
160, 615
160, 771
161
161, 38
161, 120
161, 955
162
162, 124
162, 638
163
163, 15
163, 36
163, 37
163, 70
163, 958
164
164, 20
164, 201
164, 588
164, 858
164, 870
164, 874
164, 918
164, 998
165
165, 496
165, 746
165, 776
165, 805
165, 913
165, 956
165, 970
166
166, 334
166, 401
166, 440
166, 758
166, 822
167
167, 93
167, 731
167, 743
167, 901
168
168, 208
168, 241
168, 384
169
169, 102
169, 209
169, 397
169, 545
169, 552
169, 563
169, 610
169, 890
170
170, 220
170, 342
170, 711
170, 812
170, 832
171
171, 346
171, 380
171, 529
171, 575
171, 587
171, 750
172
172, 262
172, 285
172, 301
172, 699
172, 947
173
173, 220
173, 266
173, 290
174
174, 801
174, 839
175
175, 28
175, 368
175, 910
176
176, 398
176, 513
176, 609
176, 881
177
177, 143
177, 396
177, 425
177, 932
178
178, 40
178, 419
178, 850
179
179, 427
179, 617
180
180, 156
180, 369
180, 456
180, 671
180, 756
180, 822
181
181, 41
181, 160
181, 567
181, 692
182
182, 55
182, 267
182, 355
182, 736
182, 753
182, 973
182, 985
182, 996
183
183, 29
183, 241
183, 489
183, 530
183, 551
183, 703
183, 708
183, 901
184
184, 31
184, 143
184, 226
184, 885
185
185, 306
185, 723
185, 846
186
186, 53
186, 90
186, 836
186, 838
187
187, 439
187, 458
187, 537
187, 543
188
188, 32
188, 68
188, 289
188, 311
188, 459
188, 563
188, 579
188, 813
189
189, 196
189, 360
189, 416
189, 530
189, 655
189, 717
189, 727
190
190, 236
190, 262
190, 585
190, 838
191
191, 224
191, 230
191, 800
191, 941
191, 956
192
192, 38
192, 280
192, 945
193
193, 329
193, 540
193, 822
193, 938
194
194, 110
194, 143
194, 262
194, 369
194, 438
194, 716
194, 743
195
195, 98
195, 337
195, 374
195, 697
195, 868
195, 890
195, 908
196
196, 189
196, 480
196, 527
196, 629
196, 686
196, 713
196, 776
196, 823
196, 893
197
197, 153
197, 507
197, 609
197, 962
198
198, 469
198, 518
198, 991
199
199, 12
199, 91
199, 129
199, 154
199, 240
199, 255
199, 552
199, 573
199, 631
200
200, 140
200, 209
200, 619
200, 697
200, 770
200, 801
201
201, 107
201, 164
201, 695
201, 918
202
202, 268
202, 982
202, 985
203
203, 255
203, 277
203, 421
203, 614
203, 748
203, 904
204
204, 40
204, 260
204, 742
205
205, 54
205, 285
205, 294
205, 506
205, 699
206
206, 464
206, 688
206, 878
207
207, 266
207, 370
207, 447
207, 631
207, 809
207, 849
207, 902
208
208, 168
208, 382
209
209, 39
209, 169
209, 200
209, 363
209, 440
209, 521
209, 652
209, 668
210
210, 93
210, 349
210, 354
210, 531
210, 742
211
211, 49
211, 80
211, 350
212
212, 403
212, 776
212, 801
212, 815
212, 922
213
213, 280
213, 739
213, 885
214
214, 47
214, 290
214, 443
214, 655
214, 766
214, 999
215
215, 2
215, 270
216
216, 8
216, 61
216, 357
216, 546
216, 849
217
217, 433
217, 466
217, 597
217, 609
218
218, 48
218, 323
218, 751
218, 862
218, 922
218, 931
219
219, 133
219, 299
219, 382
219, 533
219, 749
219, 884
220
220, 170
220, 173
220, 747
220, 919
221
221, 297
221, 301
221, 370
221, 455
221, 561
221, 690
221, 816
222
222, 232
222, 275
222, 399
222, 850
223
223, 14
223, 239
223, 265
223, 378
223, 667
223, 684
223, 810
223, 882
223, 920
224
224, 81
224, 191
224, 588
224, 613
224, 878
225
225, 12
225, 320
225, 519
225, 768
226
226, 184
226, 385
226, 914
226, 927
226, 934
226, 969
227
227, 35
227, 526
227, 570
228
228, 29
228, 130
228, 269
228, 388
228, 605
228, 678
228, 858
229
229, 83
229, 115
229, 133
229, 139
229, 157
230
230, 191
230, 379
230, 733
230, 756
230, 781
230, 847
231
231, 348
231, 477
231, 576
231, 872
232
232, 49
232, 66
232, 103
232, 222
232, 326
232, 420
233
233, 93
233, 445
233, 449
233, 701
233, 839
234
234, 424
234, 488
235
235, 298
235, 612
235, 877
236
236, 190
236, 381
236, 503
236, 517
236, 535
236, 684
236, 914
237
237, 588
237, 827
237, 864
237, 925
238
238, 8
238, 75
238, 480
238, 526
238, 824
238, 871
239
239, 223
239, 712
239, 980
240
240, 69
240, 80
240, 141
240, 199
240, 398
240, 405
240, 561
240, 707
241
241, 168
241, 183
241, 490
241, 640
241, 832
241, 924
242
242, 406
242, 571
242, 966
243
243, 12
243, 36
243, 373
243, 502
244
244, 44
244, 287
244, 353
245
245, 351
245, 502
245, 839
245, 942
246
246, 15
246, 99
246, 247
246, 535
246, 554
246, 852
246, 964
247
247, 246
247, 486
247, 687
247, 801
248
248, 258
248, 619
248, 621
248, 704
248, 708
248, 820
248, 910
248, 945
248, 975
249
249, 58
249, 659
249, 898
250
250, 151
250, 692
251
251, 130
251, 292
251, 487
251, 621
251, 775
251, 779
251, 825
251, 827
251, 938
252
252, 416
252, 458
252, 619
253
253, 9
253, 401
253, 802
254
254, 156
254, 466
254, 493
254, 612
254, 750
254, 896
254, 919
255
255, 145
255, 199
255, 203
255, 386
255, 524
255, 566
255, 926
256
256, 343
256, 362
256, 570
256, 583
256, 607
256, 700
256, 861
256, 940
257
257, 340
257, 420
257, 697
257, 712
257, 955
258
258, 248
258, 349
258, 742
258, 894
258, 964
259
259, 1000
260
260, 81
260, 204
260, 311
260, 399
260, 567
260, 750
260, 782
260, 930
260, 942
260, 991
261
261, 89
261, 367
261, 450
261, 500
261, 777
261, 974
262
262, 48
262, 53
262, 97
262, 172
262, 190
262, 194
262, 598
263
263, 388
263, 658
263, 764
263, 804
263, 839
264
264, 430
264, 830
264, 940
264, 969
265
265, 223
265, 815
266
266, 173
266, 207
266, 351
266, 612
266, 692
267
267, 67
267, 182
267, 448
267, 534
267, 732
268
268, 8
268, 202
268, 360
268, 366
268, 394
268, 424
268, 654
268, 889
269
269, 228
269, 453
269, 462
269, 704
270
270, 215
270, 705
270, 909
271
271, 736
272
272, 154
272, 381
272, 545
272, 779
273
273, 537
273, 830
273, 912
274
274, 68
274, 407
274, 621
275
275, 11
275, 48
275, 133
275, 222
275, 306
275, 312
275, 502
275, 641
275, 742
276
276, 55
276, 405
276, 901
276, 965
277
277, 31
277, 203
277, 290
277, 344
277, 400
277, 463
277, 563
277, 643
277, 646
277, 890
278
278, 20
278, 522
278, 827
278, 910
278, 994
279
279, 88
279, 291
279, 397
279, 450
279, 552
280
280, 192
280, 213
280, 458
280, 507
280, 766
281
281, 73
281, 524
281, 831
282
282, 373
282, 509
282, 551
282, 742
282, 919
283
284
284, 673
284, 685
284, 899
285
285, 172
285, 205
285, 286
285, 601
285, 871
285, 872
285, 915
286
286, 66
286, 285
286, 310
286, 441
286, 590
286, 663
286, 680
286, 777
287
287, 29
287, 125
287, 244
287, 294
287, 322
287, 411
287, 471
287, 617
288
288, 530
288, 827
288, 855
289
289, 188
289, 343
289, 436
289, 491
289, 614
289, 697
289, 848
289, 888
289, 917
290
290, 140
290, 173
290, 214
290, 277
290, 326
290, 953
291
291, 112
291, 279
291, 557
291, 696
291, 765
291, 917
291, 997
292
292, 54
292, 150
292, 251
292, 333
292, 443
292, 506
293
293, 507
293, 661
293, 739
293, 817
293, 866
293, 965
293, 995
294
294, 29
294, 205
294, 287
294, 447
294, 634
294, 693
294, 723
294, 836
294, 839
294, 863
295
295, 296
295, 329
295, 530
296
296, 295
296, 600
296, 697
296, 846
296, 853
297
297, 221
297, 351
297, 361
297, 441
297, 533
297, 552
297, 787
297, 977
298
298, 235
298, 883
298, 978
299
299, 73
299, 118
299, 219
299, 428
299, 770
300
300, 119
300, 944
300, 968
300, 977
301
301, 115
301, 172
301, 221
301, 498
301, 521
301, 588
301, 799
302
302, 70
302, 160
302, 327
302, 332
302, 546
302, 575
302, 608
302, 728
302, 902
303
304
304, 63
304, 455
304, 481
304, 482
304, 660
304, 827
305
305, 86
305, 469
305, 836
306
306, 11
306, 56
306, 185
306, 275
306, 408
306, 547
307
307, 88
307, 142
307, 362
307, 503
307, 574
307, 814
307, 841
307, 851
308
308, 67
308, 97
308, 115
308, 158
308, 771
309
309, 101
309, 312
309, 443
310
310, 86
310, 144
310, 286
310, 382
310, 688
311
311, 40
311, 116
311, 137
311, 188
311, 260
311, 474
311, 498
311, 582
311, 873
312
312, 275
312, 309
312, 724
312, 777
312, 799
313
313, 39
313, 393
313, 550
313, 936
313, 991
314
314, 955
315
315, 447
315, 692
315, 822
315, 995
316
316, 527
316, 542
316, 566
316, 756
316, 901
316, 945
316, 962
317
317, 85
317, 157
318
318, 55
318, 339
318, 541
318, 698
318, 741
318, 930
319
319, 87
319, 358
319, 360
319, 973
320
320, 225
320, 578
321
321, 368
322
322, 4
322, 15
322, 29
322, 287
322, 341
322, 438
322, 499
322, 524
322, 910
323
323, 218
323, 496
323, 769
323, 796
323, 993
324
324, 395
324, 651
325
325, 396
325, 611
325, 911
325, 969
326
326, 232
326, 290
326, 529
327
327, 302
327, 599
327, 697
327, 931
327, 965
327, 982
328
328, 617
328, 780
328, 804
329
329, 193
329, 295
329, 585
329, 706
329, 744
329, 864
329, 960
330
330, 78
330, 139
330, 416
330, 764
330, 781
330, 952
331
331, 141
331, 395
331, 440
331, 825
331, 896
331, 938
332
332, 302
332, 653
332, 774
333
333, 80
333, 292
333, 579
333, 741
333, 820
333, 846
334
334, 166
334, 826
335
335, 15
335, 140
335, 370
335, 499
335, 955
335, 993
336
336, 73
336, 502
336, 969
337
337, 195
337, 420
337, 636
337, 692
337, 798
337, 986
337, 994
338
338, 383
338, 680
339
339, 98
339, 318
339, 483
339, 500
339, 833
339, 991
340
340, 257
340, 421
340, 465
340, 548
340, 550
341
341, 322
341, 606
341, 713
341, 781
342
342, 170
342, 397
342, 550
342, 559
342, 696
343
343, 256
343, 289
343, 603
344
344, 81
344, 277
344, 599
345
345, 11
345, 419
345, 421
345, 542
346
346, 141
346, 150
346, 171
346, 347
346, 628
346, 895
346, 971
347
347, 14
347, 137
347, 346
348
348, 68
348, 231
348, 377
348, 829
348, 866
349
349, 19
349, 210
349, 258
349, 788
349, 837
349, 877
350
350, 131
350, 135
350, 142
350, 211
350, 550
350, 727
351
351, 245
351, 266
351, 297
351, 565
351, 689
351, 815
351, 843
352
352, 63
352, 102
352, 113
352, 145
352, 427
352, 491
352, 731
353
353, 244
353, 614
353, 633
353, 748
353, 829
354
354, 57
354, 210
354, 793
354, 979
355
355, 20
355, 40
355, 46
355, 182
355, 689
355, 945
355, 963
355, 986
356
356, 3
356, 148
356, 366
356, 425
356, 539
356, 606
356, 827
356, 835
357
357, 31
357, 216
357, 419
357, 608
358
358, 319
358, 443
358, 485
358, 920
359
359, 74
359, 157
359, 497
359, 639
360
360, 17
360, 189
360, 268
360, 319
360, 746
360, 757
360, 801
361
361, 94
361, 297
361, 362
361, 488
361, 538
361, 542
361, 771
362
362, 256
362, 307
362, 361
362, 577
362, 612
362, 770
362, 858
363
363, 209
363, 706
363, 886
364
364, 0
364, 434
364, 453
364, 460
364, 582
364, 634
364, 915
364, 952
365
365, 91
365, 610
365, 707
365, 905
366
366, 6
366, 268
366, 356
366, 528
366, 688
366, 894
366, 958
367
367, 32
367, 50
367, 74
367, 261
367, 717
367, 767
367, 779
367, 839
367, 894
368
368, 175
368, 321
368, 927
369
369, 46
369, 180
369, 194
369, 389
369, 430
369, 749
369, 866
369, 997
370
370, 78
370, 89
370, 207
370, 221
370, 335
370, 872
371
371, 113
371, 374
372
372, 34
372, 373
372, 771
373
373, 243
373, 282
373, 372
374
374, 195
374, 371
374, 391
374, 784
375
375, 446
375, 864
375, 953
376
376, 66
376, 489
376, 708
376, 857
376, 881
377
377, 131
377, 144
377, 348
377, 512
377, 575
377, 632
377, 634
377, 940
378
378, 64
378, 95
378, 223
378, 506
378, 617
378, 627
378, 685
378, 693
378, 825
379
379, 230
379, 454
379, 566
379, 692
380
380, 36
380, 171
380, 439
380, 465
380, 582
380, 644
380, 908
380, 946
381
381, 3
381, 236
381, 272
381, 577
381, 949
382
382, 93
382, 104
382, 208
382, 219
382, 310
382, 421
382, 433
382, 456
382, 640
382, 652
382, 727
382, 965
383
383, 338
383, 485
383, 668
383, 828
383, 838
383, 933
383, 977
384
384, 168
384, 484
384, 660
384, 824
384, 919
384, 961
384, 993
385
385, 127
385, 226
385, 421
385, 499
385, 875
385, 915
386
386, 255
386, 420
386, 959
387
387, 32
387, 115
387, 124
387, 479
387, 820
387, 994
388
388, 228
388, 263
388, 563
388, 912
389
389, 369
389, 431
389, 610
389, 634
389, 825
389, 870
390
390, 3
390, 513
391
391, 113
391, 147
391, 374
391, 401
391, 495
391, 556
391, 686
392
392, 620
393
393, 112
393, 120
393, 147
393, 313
393, 820
394
394, 268
394, 407
394, 695
394, 719
394, 905
395
395, 135
395, 324
395, 331
395, 636
395, 805
396
396, 139
396, 177
396, 325
396, 553
396, 589
396, 839
397
397, 169
397, 279
397, 342
397, 439
397, 491
397, 682
398
398, 137
398, 176
398, 240
398, 411
398, 714
398, 781
398, 789
398, 816
398, 928
398, 969
399
399, 67
399, 222
399, 260
399, 679
399, 827
399, 985
400
400, 151
400, 277
400, 626
400, 816
400, 960
401
401, 23
401, 40
401, 108
401, 155
401, 166
401, 253
401, 391
401, 508
401, 971
402
402, 53
402, 412
402, 626
402, 637
402, 679
402, 680
402, 989
403
403, 3
403, 11
403, 212
403, 478
403, 558
403, 567
403, 781
403, 842
404
404, 21
404, 73
404, 622
404, 685
404, 946
405
405, 240
405, 276
405, 500
405, 526
405, 975
406
406, 14
406, 53
406, 92
406, 242
406, 544
406, 719
407
407, 274
407, 394
407, 413
407, 453
407, 652
407, 780
407, 834
407, 999
408
408, 306
408, 845
408, 994
409
409, 155
409, 458
409, 500
409, 904
410
410, 639
411
411, 287
411, 398
411, 629
411, 749
411, 935
412
412, 99
412, 402
412, 491
412, 675
412, 890
413
413, 4
413, 124
413, 407
413, 684
413, 695
413, 736
413, 761
413, 833
413, 941
414
414, 845
414, 872
415
415, 15
415, 799
416
416, 90
416, 102
416, 189
416, 252
416, 330
416, 467
416, 543
417
417, 153
417, 824
417, 975
418
419
419, 13
419, 178
419, 345
419, 357
419, 638
419, 657
420
420, 35
420, 232
420, 257
420, 337
420, 386
420, 702
420, 732
420, 873
421
421, 103
421, 203
421, 340
421, 345
421, 382
421, 385
421, 753
421, 847
421, 879
421, 953
422
422, 158
422, 736
422, 981
423
423, 555
423, 623
423, 778
423, 937
424
424, 13
424, 234
424, 268
424, 479
424, 617
424, 741
424, 912
424, 926
425
425, 10
425, 177
425, 356
425, 527
425, 549
425, 911
425, 964
426
426, 73
426, 104
426, 486
426, 546
427
427, 139
427, 179
427, 352
427, 692
427, 713
427, 746
427, 763
427, 957
428
428, 60
428, 299
428, 525
428, 907
428, 960
429
430
430, 264
430, 369
430, 445
430, 624
430, 822
431
431, 107
431, 389
431, 442
431, 724
431, 780
431, 786
432
432, 507
432, 552
432, 790
433
433, 69
433, 72
433, 217
433, 382
433, 776
433, 829
434
434, 21
434, 57
434, 364
434, 858
434, 988
435
435, 64
435, 551
435, 586
435, 926
436
436, 117
436, 289
436, 680
436, 742
436, 848
437
437, 120
437, 993
438
438, 194
438, 322
438, 446
438, 575
438, 699
439
439, 68
439, 187
439, 380
439, 397
439, 511
439, 655
439, 751
439, 829
440
440, 166
440, 209
440, 331
440, 727
440, 741
440, 923
441
441, 286
441, 297
441, 516
441, 713
441, 719
441, 762
441, 771
441, 946
442
442, 431
442, 890
442, 905
443
443, 66
443, 116
443, 138
443, 214
443, 292
443, 309
443, 358
443, 487
444
444, 136
444, 601
444, 674
444, 690
444, 863
444, 905
445
445, 233
445, 430
445, 479
445, 526
445, 561
446
446, 375
446, 438
446, 534
446, 697
447
447, 12
447, 21
447, 146
447, 207
447, 294
447, 315
447, 491
447, 530
448
448, 4
448, 159
448, 160
448, 267
448, 770
448, 814
448, 864
449
449, 73
449, 233
449, 502
449, 872
449, 912
450
450, 261
450, 279
450, 737
450, 869
451
451, 67
452
452, 6
452, 453
452, 471
452, 608
453
453, 269
453, 364
453, 407
453, 452
453, 609
453, 684
453, 758
454
454, 12
454, 40
454, 54
454, 379
454, 563
454, 745
454, 879
454, 939
455
455, 42
455, 85
455, 109
455, 221
455, 304
455, 459
455, 829
456
456, 160
456, 180
456, 382
456, 670
456, 807
456, 916
456, 968
456, 980
457
457, 137
457, 155
457, 510
457, 560
457, 643
457, 724
457, 771
457, 860
458
458, 15
458, 187
458, 252
458, 280
458, 409
458, 475
458, 580
458, 757
458, 883
459
459, 188
459, 455
459, 813
459, 956
460
460, 364
460, 480
461
461, 843
461, 941
461, 990
462
462, 269
462, 477
462, 492
462, 790
462, 964
463
463, 277
464
464, 68
464, 206
464, 477
464, 769
465
465, 7
465, 340
465, 380
465, 485
465, 494
465, 501
465, 684
465, 995
466
466, 54
466, 217
466, 254
466, 493
466, 503
466, 742
467
467, 416
468
468, 684
468, 739
468, 755
468, 827
468, 838
469
469, 198
469, 305
469, 527
469, 597
469, 656
469, 659
469, 930
470
470, 569
470, 811
470, 846
471
471, 287
471, 452
472
472, 517
472, 520
472, 633
473
473, 32
474
474, 139
474, 311
474, 921
475
475, 458
475, 488
475, 519
475, 568
475, 595
475, 817
476
476, 511
476, 514
476, 762
476, 810
476, 949
477
477, 231
477, 462
477, 464
477, 977
478
478, 139
478, 403
478, 852
479
479, 387
479, 424
479, 445
479, 646
479, 701
480
480, 196
480, 238
480, 460
480, 680
480, 858
481
481, 101
481, 304
481, 694
481, 756
481, 845
481, 935
482
482, 304
482, 483
482, 554
482, 735
482, 809
483
483, 339
483, 482
483, 764
483, 991
484
484, 21
484, 64
484, 384
485
485, 358
485, 383
485, 465
486
486, 247
486, 426
486, 703
486, 885
487
487, 62
487, 82
487, 251
487, 443
487, 510
487, 536
487, 948
487, 964
488
488, 234
488, 361
488, 475
489
489, 183
489, 376
489, 664
489, 810
489, 932
489, 937
490
490, 241
490, 580
490, 787
491
491, 289
491, 352
491, 397
491, 412
491, 447
491, 509
492
492, 462
492, 861
492, 956
493
493, 254
493, 466
493, 500
493, 667
493, 755
493, 831
493, 930
494
494, 5
494, 465
494, 688
494, 827
495
495, 131
495, 150
495, 391
495, 581
496
496, 145
496, 165
496, 323
496, 603
496, 841
496, 891
497
497, 359
497, 874
498
498, 301
498, 311
498, 795
499
499, 124
499, 154
499, 322
499, 335
499, 385
499, 980
500
500, 76
500, 261
500, 339
500, 405
500, 409
500, 493
500, 644
501
501, 465
501, 753
501, 838
501, 882
502
502, 12
502, 74
502, 243
502, 245
502, 275
502, 336
502, 449
502, 935
503
503, 236
503, 307
503, 466
503, 581
503, 808
504
504, 34
504, 41
504, 693
504, 795
504, 949
505
505, 704
506
506, 44
506, 205
506, 292
506, 378
506, 578
506, 597
506, 674
506, 781
507
507, 197
507, 280
507, 293
507, 432
507, 519
507, 546
507, 825
507, 827
507, 980
508
508, 114
508, 401
508, 532
508, 866
509
509, 100
509, 282
509, 491
509, 616
509, 667
509, 719
509, 808
509, 949
510
510, 85
510, 457
510, 487
510, 671
510, 783
510, 795
510, 947
511
511, 439
511, 476
511, 791
511, 840
511, 842
512
512, 377
512, 947
513
513, 133
513, 176
513, 390
513, 649
513, 981
514
514, 476
514, 567
514, 592
514, 818
515
515, 617
515, 755
515, 939
515, 974
516
516, 141
516, 441
516, 523
516, 680
517
517, 236
517, 472
518
518, 7
518, 20
518, 60
518, 198
519
519, 225
519, 475
519, 507
519, 801
520
520, 115
520, 472
521
521, 209
521, 301
521, 591
521, 715
522
522, 126
522, 278
522, 608
522, 890
523
523, 516
523, 714
524
524, 1
524, 76
524, 128
524, 255
524, 281
524, 322
524, 950
525
525, 428
525, 640
525, 708
525, 754
525, 951
526
526, 18
526, 92
526, 227
526, 238
526, 405
526, 445
526, 912
526, 914
526, 987
527
527, 196
527, 316
527, 425
527, 469
527, 658
527, 683
527, 950
527, 989
528
528, 79
528, 366
528, 570
529
529, 171
529, 326
529, 576
529, 943
529, 979
530
530, 183
530, 189
530, 288
530, 295
530, 447
530, 550
530, 703
530, 706
530, 896
531
531, 210
531, 771
531, 856
531, 989
532
532, 4
532, 31
532, 141
532, 508
532, 962
533
533, 28
533, 219
533, 297
533, 555
533, 702
533, 733
533, 795
533, 885
534
534, 267
534, 446
534, 716
534, 753
534, 826
535
535, 236
535, 246
535, 580
536
536, 5
536, 123
536, 487
536, 637
536, 650
536, 863
537
537, 16
537, 73
537, 119
537, 187
537, 273
537, 664
537, 882
538
538, 361
538, 882
539
539, 155
539, 356
539, 829
539, 882
540
540, 193
540, 589
540, 817
541
541, 0
541, 39
541, 318
542
542, 316
542, 345
542, 361
542, 566
542, 682
542, 834
543
543, 96
543, 122
543, 124
543, 187
543, 416
543, 604
543, 681
543, 686
543, 985
544
544, 406
544, 547
544, 654
544, 673
544, 910
545
545, 36
545, 169
545, 272
546
546, 30
546, 216
546, 302
546, 426
546, 507
546, 613
547
547, 306
547, 544
547, 663
548
548, 66
548, 125
548, 340
548, 586
548, 907
549
549, 28
549, 61
549, 425
549, 837
550
550, 16
550, 107
550, 313
550, 340
550, 342
550, 350
550, 530
550, 762
550, 825
550, 898
550, 937
550, 951
551
551, 183
551, 282
551, 435
551, 649
551, 702
551, 788
551, 896
551, 921
552
552, 36
552, 169
552, 199
552, 279
552, 297
552, 432
552, 631
552, 797
553
553, 396
553, 595
553, 783
553, 812
553, 834
554
554, 50
554, 146
554, 246
554, 482
554, 674
554, 759
555
555, 423
555, 533
555, 654
555, 998
556
556, 391
556, 699
556, 792
556, 892
557
557, 291
557, 600
558
558, 4
558, 403
559
559, 43
559, 342
559, 782
559, 981
559, 983
560
560, 10
560, 457
560, 686
561
561, 221
561, 240
561, 445
561, 956
562
562, 747
562, 892
562, 932
562, 990
563
563, 169
563, 188
563, 277
563, 388
563, 454
563, 608
563, 949
564
564, 816
565
565, 351
565, 967
566
566, 47
566, 255
566, 316
566, 379
566, 542
566, 682
566, 811
566, 892
567
567, 181
567, 260
567, 403
567, 514
567, 663
567, 761
567, 879
568
568, 475
568, 588
568, 635
569
569, 58
569, 470
569, 810
570
570, 227
570, 256
570, 528
570, 863
571
571, 139
571, 242
571, 573
571, 869
572
573
573, 199
573, 571
573, 638
573, 810
573, 877
573, 966
574
574, 307
574, 628
574, 862
574, 884
575
575, 41
575, 154
575, 171
575, 302
575, 377
575, 438
575, 889
576
576, 231
576, 529
577
577, 50
577, 146
577, 362
577, 381
578
578, 14
578, 23
578, 320
578, 506
578, 585
578, 725
578, 979
579
579, 83
579, 188
579, 333
579, 821
579, 955
579, 983
580
580, 458
580, 490
580, 535
580, 598
580, 600
580, 753
580, 884
580, 939
580, 994
581
581, 1
581, 495
581, 503
581, 723
581, 746
581, 769
581, 863
582
582, 311
582, 364
582, 380
582, 660
582, 973
583
583, 30
583, 118
583, 148
583, 256
583, 638
583, 916
584
584, 25
584, 861
585
585, 51
585, 80
585, 190
585, 329
585, 578
585, 862
585, 887
586
586, 89
586, 435
586, 548
586, 811
587
587, 9
587, 26
587, 160
587, 171
587, 854
587, 928
588
588, 92
588, 164
588, 224
588, 237
588, 301
588, 568
588, 641
589
589, 69
589, 396
589, 540
589, 637
589, 644
589, 728
589, 781
589, 785
589, 858
589, 946
590
590, 129
590, 286
590, 851
591
591, 46
591, 521
591, 754
592
592, 514
592, 664
592, 755
592, 853
592, 873
592, 943
593
593, 782
594
594, 128
594, 663
594, 719
594, 742
594, 984
595
595, 156
595, 475
595, 553
596
596, 44
596, 806
597
597, 217
597, 469
597, 506
597, 842
598
598, 37
598, 262
598, 580
598, 610
598, 679
598, 831
599
599, 137
599, 327
599, 344
599, 722
599, 795
600
600, 136
600, 296
600, 557
600, 580
600, 946
601
601, 285
601, 444
601, 750
601, 783
602
602, 698
602, 708
603
603, 343
603, 496
603, 708
603, 723
603, 815
604
604, 543
604, 676
604, 715
604, 734
605
605, 128
605, 228
605, 756
606
606, 341
606, 356
606, 625
606, 634
606, 708
606, 903
607
607, 130
607, 256
607, 644
607, 989
608
608, 302
608, 357
608, 452
608, 522
608, 563
608, 720
609
609, 53
609, 176
609, 197
609, 217
609, 453
609, 665
609, 815
609, 857
609, 926
609, 953
610
610, 23
610, 169
610, 365
610, 389
610, 598
610, 692
610, 720
610, 733
610, 988
611
611, 40
611, 133
611, 325
611, 892
612
612, 108
612, 235
612, 254
612, 266
612, 362
612, 967
613
613, 224
613, 546
613, 664
613, 908
613, 928
614
614, 203
614, 289
614, 353
614, 672
614, 836
615
615, 160
615, 651
616
616, 115
616, 509
617
617, 111
617, 179
617, 287
617, 328
617, 378
617, 424
617, 515
617, 859
617, 923
618
618, 84
618, 127
618, 663
618, 686
618, 798
618, 846
618, 951
619
619, 200
619, 248
619, 252
619, 635
619, 640
619, 777
619, 918
620
620, 392
620, 778
620, 790
620, 847
620, 929
621
621, 248
621, 251
621, 274
621, 732
621, 904
621, 940
622
622, 92
622, 404
622, 763
622, 883
623
623, 156
623, 423
624
624, 430
624, 807
624, 925
625
625, 606
625, 735
625, 744
625, 834
626
626, 17
626, 66
626, 400
626, 402
626, 648
626, 726
627
627, 378
627, 704
627, 854
627, 928
627, 996
628
628, 346
628, 574
629
629, 49
629, 117
629, 196
629, 411
630
631
631, 47
631, 199
631, 207
631, 552
631, 892
631, 937
632
632, 377
633
633, 71
633, 353
633, 472
633, 665
633, 855
634
634, 60
634, 294
634, 364
634, 377
634, 389
634, 606
634, 650
635
635, 568
635, 619
635, 862
635, 906
635, 939
635, 985
636
636, 337
636, 395
636, 904
637
637, 141
637, 402
637, 536
637, 589
637, 724
638
638, 98
638, 120
638, 162
638, 419
638, 573
638, 583
638, 686
638, 927
639
639, 359
639, 410
639, 837
639, 966
640
640, 37
640, 241
640, 382
640, 525
640, 619
640, 693
640, 746
640, 798
640, 920
640, 971
641
641, 275
641, 588
642
642, 963
643
643, 2
643, 143
643, 277
643, 457
643, 787
643, 799
643, 802
644
644, 77
644, 380
644, 500
644, 589
644, 607
644, 651
644, 740
644, 970
645
645, 14
646
646, 28
646, 119
646, 277
646, 479
646, 701
646, 779
646, 886
646, 904
647
647, 59
647, 97
647, 726
648
648, 101
648, 626
648, 711
648, 803
648, 810
649
649, 3
649, 55
649, 513
649, 551
649, 837
649, 999
650
650, 536
650, 634
650, 957
651
651, 106
651, 107
651, 324
651, 615
651, 644
651, 743
651, 829
651, 975
651, 979
652
652, 209
652, 382
652, 407
652, 816
653
653, 332
653, 995
654
654, 75
654, 268
654, 544
654, 555
654, 818
654, 877
655
655, 189
655, 214
655, 439
655, 887
656
656, 469
656, 900
656, 941
657
657, 419
657, 663
657, 717
658
658, 263
658, 527
659
659, 249
659, 469
659, 943
659, 971
660
660, 43
660, 304
660, 384
660, 582
661
661, 85
661, 293
661, 813
661, 890
662
662, 28
662, 913
663
663, 286
663, 547
663, 567
663, 594
663, 618
663, 657
663, 744
664
664, 51
664, 489
664, 537
664, 592
664, 613
664, 726
665
665, 609
665, 633
665, 897
666
666, 58
667
667, 71
667, 119
667, 223
667, 493
667, 509
668
668, 209
668, 383
669
669, 57
669, 866
669, 922
669, 974
670
670, 456
670, 914
670, 996
671
671, 180
671, 510
671, 848
672
672, 614
673
673, 48
673, 284
673, 544
673, 679
674
674, 444
674, 506
674, 554
674, 781
674, 952
675
675, 412
675, 744
675, 890
676
676, 130
676, 134
676, 604
677
677, 927
678
678, 147
678, 228
679
679, 147
679, 399
679, 402
679, 598
679, 673
679, 785
679, 810
680
680, 78
680, 127
680, 286
680, 338
680, 402
680, 436
680, 480
680, 516
680, 808
681
681, 543
681, 721
681, 849
682
682, 397
682, 542
682, 566
682, 800
682, 830
682, 855
682, 945
683
683, 527
683, 783
684
684, 3
684, 19
684, 223
684, 236
684, 413
684, 453
684, 465
684, 468
684, 865
685
685, 284
685, 378
685, 404
686
686, 196
686, 391
686, 543
686, 560
686, 618
686, 638
686, 723
687
687, 247
688
688, 206
688, 310
688, 366
688, 494
689
689, 125
689, 351
689, 355
689, 900
689, 911
689, 971
690
690, 10
690, 221
690, 444
690, 736
690, 884
690, 942
690, 956
691
691, 90
691, 956
692
692, 74
692, 181
692, 250
692, 266
692, 315
692, 337
692, 379
692, 427
692, 610
692, 905
693
693, 294
693, 378
693, 504
693, 640
693, 699
694
694, 44
694, 481
694, 747
694, 859
694, 984
695
695, 122
695, 201
695, 394
695, 413
695, 705
695, 863
695, 878
696
696, 291
696, 342
696, 812
697
697, 195
697, 200
697, 257
697, 289
697, 296
697, 327
697, 446
697, 764
697, 811
697, 850
698
698, 8
698, 318
698, 602
699
699, 172
699, 205
699, 438
699, 556
699, 693
699, 878
699, 996
700
700, 101
700, 256
700, 825
700, 899
700, 968
701
701, 74
701, 233
701, 479
701, 646
701, 795
701, 903
701, 924
702
702, 146
702, 152
702, 420
702, 533
702, 551
702, 910
702, 968
703
703, 2
703, 33
703, 46
703, 183
703, 486
703, 530
703, 797
704
704, 248
704, 269
704, 505
704, 627
704, 968
704, 1000
705
705, 110
705, 270
705, 695
705, 897
705, 931
706
706, 0
706, 118
706, 329
706, 363
706, 530
706, 741
707
707, 240
707, 365
707, 748
707, 861
707, 877
708
708, 183
708, 248
708, 376
708, 525
708, 602
708, 603
708, 606
708, 734
708, 966
709
709, 153
709, 974
710
710, 84
710, 839
710, 949
710, 990
711
711, 170
711, 648
711, 756
712
712, 113
712, 239
712, 257
712, 740
712, 866
712, 976
713
713, 136
713, 196
713, 341
713, 427
713, 441
713, 807
713, 949
714
714, 32
714, 137
714, 398
714, 523
715
715, 69
715, 521
715, 604
715, 922
716
716, 41
716, 194
716, 534
716, 844
717
717, 43
717, 155
717, 189
717, 367
717, 657
717, 791
718
718, 150
718, 848
718, 939
718, 977
719
719, 101
719, 394
719, 406
719, 441
719, 509
719, 594
719, 839
720
720, 60
720, 608
720, 610
720, 801
720, 975
721
721, 681
721, 858
721, 928
721, 960
722
722, 53
722, 599
722, 925
722, 950
723
723, 185
723, 294
723, 581
723, 603
723, 686
723, 763
723, 920
724
724, 126
724, 312
724, 431
724, 457
724, 637
725
725, 37
725, 143
725, 578
725, 813
726
726, 47
726, 626
726, 647
726, 664
726, 760
726, 884
726, 972
727
727, 85
727, 189
727, 350
727, 382
727, 440
727, 995
728
728, 302
728, 589
728, 823
728, 945
728, 985
729
729, 97
729, 758
729, 771
729, 926
729, 988
730
730, 22
730, 129
730, 801
730, 936
731
731, 15
731, 167
731, 352
732
732, 8
732, 149
732, 267
732, 420
732, 621
733
733, 230
733, 533
733, 610
734
734, 38
734, 604
734, 708
734, 877
734, 890
734, 972
734, 983
735
735, 92
735, 105
735, 114
735, 482
735, 625
735, 944
735, 949
735, 978
736
736, 145
736, 182
736, 271
736, 413
736, 422
736, 690
736, 819
736, 828
736, 875
737
737, 450
737, 830
737, 840
738
738, 37
738, 814
738, 987
738, 996
739
739, 122
739, 213
739, 293
739, 468
740
740, 158
740, 644
740, 712
740, 804
740, 915
741
741, 318
741, 333
741, 424
741, 440
741, 706
741, 877
742
742, 204
742, 210
742, 258
742, 275
742, 282
742, 436
742, 466
742, 594
742, 989
743
743, 31
743, 167
743, 194
743, 651
744
744, 329
744, 625
744, 663
744, 675
744, 936
745
745, 454
745, 813
745, 991
745, 1000
746
746, 147
746, 165
746, 360
746, 427
746, 581
746, 640
746, 753
746, 866
746, 868
747
747, 220
747, 562
747, 694
748
748, 203
748, 353
748, 707
748, 779
749
749, 219
749, 369
749, 411
750
750, 98
750, 119
750, 171
750, 254
750, 260
750, 601
750, 777
750, 941
750, 971
751
751, 218
751, 439
751, 931
752
752, 72
752, 937
752, 988
753
753, 60
753, 129
753, 182
753, 421
753, 501
753, 534
753, 580
753, 746
753, 901
754
754, 525
754, 591
754, 837
755
755, 468
755, 493
755, 515
755, 592
755, 783
756
756, 99
756, 180
756, 230
756, 316
756, 481
756, 605
756, 711
756, 878
756, 892
757
757, 97
757, 115
757, 360
757, 458
757, 809
757, 830
757, 876
757, 890
758
758, 152
758, 166
758, 453
758, 729
759
759, 146
759, 554
759, 887
760
760, 726
760, 790
760, 808
760, 885
761
761, 413
761, 567
761, 887
762
762, 441
762, 476
762, 550
762, 844
762, 863
762, 930
763
763, 30
763, 427
763, 622
763, 723
764
764, 263
764, 330
764, 483
764, 697
764, 787
764, 981
765
765, 107
765, 291
766
766, 214
766, 280
767
767, 123
767, 367
768
768, 225
768, 844
768, 878
769
769, 323
769, 464
769, 581
770
770, 200
770, 299
770, 362
770, 448
770, 919
771
771, 19
771, 35
771, 160
771, 308
771, 361
771, 372
771, 441
771, 457
771, 531
771, 729
771, 883
772
772, 882
773
773, 93
773, 122
773, 141
773, 829
774
774, 110
774, 332
775
775, 147
775, 251
775, 782
775, 916
775, 924
776
776, 165
776, 196
776, 212
776, 433
776, 779
777
777, 138
777, 261
777, 286
777, 312
777, 619
777, 750
777, 871
777, 980
777, 993
778
778, 73
778, 423
778, 620
778, 960
779
779, 251
779, 272
779, 367
779, 646
779, 748
779, 776
780
780, 35
780, 328
780, 407
780, 431
780, 799
780, 890
781
781, 230
781, 330
781, 341
781, 398
781, 403
781, 506
781, 589
781, 674
782
782, 145
782, 260
782, 559
782, 593
782, 775
782, 841
783
783, 44
783, 510
783, 553
783, 601
783, 683
783, 755
784
784, 374
785
785, 87
785, 589
785, 679
786
786, 431
787
787, 145
787, 297
787, 490
787, 643
787, 764
787, 972
788
788, 74
788, 349
788, 551
789
789, 86
789, 398
789, 942
790
790, 93
790, 119
790, 432
790, 462
790, 620
790, 760
790, 925
790, 931
790, 934
791
791, 511
791, 717
792
792, 34
792, 132
792, 556
792, 1000
793
793, 354
793, 916
793, 966
794
794, 826
794, 859
795
795, 498
795, 504
795, 510
795, 533
795, 599
795, 701
795, 966
796
796, 323
796, 849
796, 875
797
797, 552
797, 703
798
798, 337
798, 618
798, 640
798, 941
799
799, 137
799, 301
799, 312
799, 415
799, 643
799, 780
800
800, 191
800, 682
800, 808
800, 999
801
801, 174
801, 200
801, 212
801, 247
801, 360
801, 519
801, 720
801, 730
801, 828
802
802, 253
802, 643
802, 805
802, 878
803
803, 648
804
804, 263
804, 328
804, 740
805
805, 91
805, 127
805, 165
805, 395
805, 802
805, 814
805, 873
806
806, 38
806, 74
806, 596
806, 853
807
807, 456
807, 624
807, 713
807, 982
808
808, 79
808, 88
808, 92
808, 503
808, 509
808, 680
808, 760
808, 800
808, 979
809
809, 100
809, 207
809, 482
809, 757
810
810, 30
810, 223
810, 476
810, 489
810, 569
810, 573
810, 648
810, 679
811
811, 124
811, 470
811, 566
811, 586
811, 697
812
812, 170
812, 553
812, 696
812, 961
813
813, 188
813, 459
813, 661
813, 725
813, 745
814
814, 67
814, 69
814, 148
814, 307
814, 448
814, 738
814, 805
814, 982
815
815, 41
815, 212
815, 265
815, 351
815, 603
815, 609
815, 817
816
816, 221
816, 398
816, 400
816, 564
816, 652
817
817, 85
817, 293
817, 475
817, 540
817, 815
817, 851
818
818, 8
818, 514
818, 654
818, 845
818, 939
819
819, 29
819, 736
819, 950
820
820, 248
820, 333
820, 387
820, 393
821
821, 579
821, 985
822
822, 166
822, 180
822, 193
822, 315
822, 430
823
823, 196
823, 728
823, 906
823, 927
824
824, 238
824, 384
824, 417
824, 936
825
825, 50
825, 251
825, 331
825, 378
825, 389
825, 507
825, 550
825, 700
826
826, 97
826, 334
826, 534
826, 794
827
827, 237
827, 251
827, 278
827, 288
827, 304
827, 356
827, 399
827, 468
827, 494
827, 507
828
828, 46
828, 383
828, 736
828, 801
829
829, 139
829, 348
829, 353
829, 433
829, 439
829, 455
829, 539
829, 651
829, 773
829, 861
830
830, 102
830, 122
830, 264
830, 273
830, 682
830, 737
830, 757
831
831, 281
831, 493
831, 598
831, 857
832
832, 170
832, 241
832, 976
833
833, 1
833, 42
833, 82
833, 156
833, 339
833, 413
834
834, 407
834, 542
834, 553
834, 625
835
835, 90
835, 356
835, 911
836
836, 85
836, 151
836, 186
836, 294
836, 305
836, 614
837
837, 97
837, 349
837, 549
837, 639
837, 649
837, 754
838
838, 80
838, 186
838, 190
838, 383
838, 468
838, 501
839
839, 174
839, 233
839, 245
839, 263
839, 294
839, 367
839, 396
839, 710
839, 719
840
840, 34
840, 511
840, 737
840, 938
841
841, 3
841, 76
841, 307
841, 496
841, 782
842
842, 21
842, 403
842, 511
842, 597
843
843, 19
843, 130
843, 351
843, 461
844
844, 64
844, 111
844, 716
844, 762
844, 768
845
845, 49
845, 129
845, 408
845, 414
845, 481
845, 818
846
846, 126
846, 138
846, 185
846, 296
846, 333
846, 470
846, 618
846, 864
847
847, 25
847, 77
847, 230
847, 421
847, 620
847, 974
848
848, 19
848, 69
848, 289
848, 436
848, 671
848, 718
849
849, 207
849, 216
849, 681
849, 796
850
850, 93
850, 178
850, 222
850, 697
851
851, 307
851, 590
851, 817
851, 895
852
852, 93
852, 246
852, 478
853
853, 296
853, 592
853, 806
853, 916
854
854, 587
854, 627
854, 930
855
855, 28
855, 36
855, 39
855, 147
855, 288
855, 633
855, 682
856
856, 531
856, 882
857
857, 23
857, 139
857, 376
857, 609
857, 831
857, 932
857, 992
858
858, 164
858, 228
858, 362
858, 434
858, 480
858, 589
858, 721
858, 952
859
859, 50
859, 111
859, 617
859, 694
859, 794
859, 978
859, 997
860
860, 457
860, 900
860, 962
860, 966
861
861, 256
861, 492
861, 584
861, 707
861, 829
862
862, 218
862, 574
862, 585
862, 635
862, 926
863
863, 98
863, 112
863, 294
863, 444
863, 536
863, 570
863, 581
863, 695
863, 762
863, 923
864
864, 237
864, 329
864, 375
864, 448
864, 846
865
865, 684
865, 911
866
866, 293
866, 348
866, 369
866, 508
866, 669
866, 712
866, 746
867
868
868, 195
868, 746
869
869, 450
869, 571
869, 890
870
870, 164
870, 389
871
871, 238
871, 285
871, 777
871, 996
872
872, 231
872, 285
872, 370
872, 414
872, 449
873
873, 15
873, 311
873, 420
873, 592
873, 805
874
874, 164
874, 497
875
875, 385
875, 736
875, 796
875, 980
875, 989
876
876, 757
876, 971
877
877, 94
877, 235
877, 349
877, 573
877, 654
877, 707
877, 734
877, 741
878
878, 17
878, 94
878, 100
878, 206
878, 224
878, 695
878, 699
878, 756
878, 768
878, 802
879
879, 421
879, 454
879, 567
880
880, 59
880, 901
881
881, 176
881, 376
882
882, 9
882, 223
882, 501
882, 537
882, 538
882, 539
882, 772
882, 856
883
883, 52
883, 298
883, 458
883, 622
883, 771
884
884, 219
884, 574
884, 580
884, 690
884, 726
885
885, 18
885, 184
885, 213
885, 486
885, 533
885, 760
886
886, 119
886, 363
886, 646
887
887, 585
887, 655
887, 759
887, 761
888
888, 20
888, 43
888, 80
888, 289
889
889, 47
889, 268
889, 575
890
890, 14
890, 38
890, 153
890, 169
890, 195
890, 277
890, 412
890, 442
890, 522
890, 661
890, 675
890, 734
890, 757
890, 780
890, 869
891
891, 114
891, 133
891, 136
891, 496
892
892, 55
892, 556
892, 562
892, 566
892, 611
892, 631
892, 756
892, 955
893
893, 104
893, 196
893, 921
894
894, 12
894, 66
894, 145
894, 258
894, 366
894, 367
895
895, 80
895, 346
895, 851
896
896, 140
896, 254
896, 331
896, 530
896, 551
897
897, 665
897, 705
898
898, 87
898, 101
898, 140
898, 249
898, 550
899
899, 140
899, 284
899, 700
900
900, 38
900, 125
900, 656
900, 689
900, 860
901
901, 80
901, 167
901, 183
901, 276
901, 316
901, 753
901, 880
901, 935
902
902, 130
902, 207
902, 302
902, 950
903
903, 606
903, 701
903, 967
904
904, 203
904, 409
904, 621
904, 636
904, 646
904, 998
905
905, 365
905, 394
905, 442
905, 444
905, 692
906
906, 10
906, 635
906, 823
907
907, 63
907, 151
907, 428
907, 548
908
908, 195
908, 380
908, 613
908, 940
909
909, 270
909, 956
910
910, 77
910, 175
910, 248
910, 278
910, 322
910, 544
910, 702
911
911, 88
911, 325
911, 425
911, 689
911, 835
911, 865
912
912, 273
912, 388
912, 424
912, 449
912, 526
912, 914
913
913, 165
913, 662
914
914, 226
914, 236
914, 526
914, 670
914, 912
915
915, 91
915, 285
915, 364
915, 385
915, 740
916
916, 456
916, 583
916, 775
916, 793
916, 853
917
917, 29
917, 289
917, 291
918
918, 94
918, 164
918, 201
918, 619
919
919, 220
919, 254
919, 282
919, 384
919, 770
920
920, 223
920, 358
920, 640
920, 723
921
921, 474
921, 551
921, 893
921, 944
922
922, 138
922, 212
922, 218
922, 669
922, 715
923
923, 19
923, 440
923, 617
923, 863
924
924, 241
924, 701
924, 775
924, 947
925
925, 30
925, 237
925, 624
925, 722
925, 790
925, 979
926
926, 43
926, 150
926, 159
926, 255
926, 424
926, 435
926, 609
926, 729
926, 862
926, 931
926, 948
927
927, 226
927, 368
927, 638
927, 677
927, 823
927, 967
928
928, 25
928, 102
928, 398
928, 587
928, 613
928, 627
928, 721
929
929, 19
929, 620
930
930, 260
930, 318
930, 469
930, 493
930, 762
930, 854
931
931, 218
931, 327
931, 705
931, 751
931, 790
931, 926
931, 974
932
932, 177
932, 489
932, 562
932, 857
932, 997
933
933, 383
934
934, 45
934, 226
934, 790
935
935, 411
935, 481
935, 502
935, 901
936
936, 313
936, 730
936, 744
936, 824
937
937, 38
937, 423
937, 489
937, 550
937, 631
937, 752
938
938, 82
938, 193
938, 251
938, 331
938, 840
939
939, 454
939, 515
939, 580
939, 635
939, 718
939, 818
940
940, 105
940, 108
940, 256
940, 264
940, 377
940, 621
940, 908
941
941, 67
941, 191
941, 413
941, 461
941, 656
941, 750
941, 798
942
942, 99
942, 245
942, 260
942, 690
942, 789
943
943, 46
943, 92
943, 529
943, 592
943, 659
944
944, 300
944, 735
944, 921
944, 962
944, 991
945
945, 192
945, 248
945, 316
945, 355
945, 682
945, 728
946
946, 380
946, 404
946, 441
946, 589
946, 600
947
947, 172
947, 510
947, 512
947, 924
948
948, 487
948, 926
949
949, 381
949, 476
949, 504
949, 509
949, 563
949, 710
949, 713
949, 735
949, 953
950
950, 144
950, 145
950, 524
950, 527
950, 722
950, 819
950, 902
950, 975
951
951, 13
951, 525
951, 550
951, 618
952
952, 85
952, 330
952, 364
952, 674
952, 858
952, 997
953
953, 290
953, 375
953, 421
953, 609
953, 949
954
954, 995
955
955, 27
955, 161
955, 257
955, 314
955, 335
955, 579
955, 892
955, 961
956
956, 67
956, 165
956, 191
956, 459
956, 492
956, 561
956, 690
956, 691
956, 909
957
957, 427
957, 650
958
958, 17
958, 18
958, 78
958, 98
958, 163
958, 366
959
959, 9
959, 134
959, 386
959, 967
960
960, 58
960, 121
960, 329
960, 400
960, 428
960, 721
960, 778
961
961, 61
961, 384
961, 812
961, 955
962
962, 101
962, 197
962, 316
962, 532
962, 860
962, 944
963
963, 355
963, 642
964
964, 246
964, 258
964, 425
964, 462
964, 487
965
965, 62
965, 153
965, 276
965, 293
965, 327
965, 382
966
966, 15
966, 242
966, 573
966, 639
966, 708
966, 793
966, 795
966, 860
967
967, 565
967, 612
967, 903
967, 927
967, 959
968
968, 300
968, 456
968, 700
968, 702
968, 704
969
969, 153
969, 226
969, 264
969, 325
969, 336
969, 398
970
970, 165
970, 644
970, 972
971
971, 54
971, 91
971, 124
971, 346
971, 401
971, 640
971, 659
971, 689
971, 750
971, 876
972
972, 55
972, 726
972, 734
972, 787
972, 970
973
973, 182
973, 319
973, 582
974
974, 261
974, 515
974, 669
974, 709
974, 847
974, 931
975
975, 248
975, 405
975, 417
975, 651
975, 720
975, 950
976
976, 712
976, 832
977
977, 297
977, 300
977, 383
977, 477
977, 718
978
978, 108
978, 298
978, 735
978, 859
979
979, 354
979, 529
979, 578
979, 651
979, 808
979, 925
980
980, 115
980, 144
980, 239
980, 456
980, 499
980, 507
980, 777
980, 875
980, 984
981
981, 422
981, 513
981, 559
981, 764
982
982, 202
982, 327
982, 807
982, 814
983
983, 559
983, 579
983, 734
983, 984
984
984, 594
984, 694
984, 980
984, 983
984, 992
985
985, 182
985, 202
985, 399
985, 543
985, 635
985, 728
985, 821
986
986, 123
986, 337
986, 355
987
987, 526
987, 738
988
988, 3
988, 58
988, 434
988, 610
988, 729
988, 752
989
989, 24
989, 402
989, 527
989, 531
989, 607
989, 742
989, 875
989, 994
990
990, 19
990, 117
990, 461
990, 562
990, 710
991
991, 144
991, 198
991, 260
991, 313
991, 339
991, 483
991, 745
991, 944
992
992, 127
992, 857
992, 984
993
993, 323
993, 335
993, 384
993, 437
993, 777
994
994, 141
994, 278
994, 337
994, 387
994, 408
994, 580
994, 989
995
995, 3
995, 293
995, 315
995, 465
995, 653
995, 727
995, 954
996
996, 40
996, 80
996, 182
996, 627
996, 670
996, 699
996, 738
996, 871
997
997, 291
997, 369
997, 859
997, 932
997, 952
998
998, 164
998, 555
998, 904
999
999, 214
999, 407
999, 649
999, 800
1000
1000, 0
1000, 259
1000, 745
1000, 704
1000, 128
1000, 792
