0
0, 500
0, 1
1
1, 0
1, 2
2
2, 1
2, 3
3
3, 2
3, 4
4
4, 3
4, 500
5
5, 500
5, 6
6
6, 5
6, 7
7
7, 6
7, 8
8
8, 7
8, 9
9
9, 8
9, 500
10
10, 500
10, 11
11
11, 10
11, 12
12
12, 11
12, 13
13
13, 12
13, 14
14
14, 13
14, 500
15
15, 500
15, 16
16
16, 15
16, 17
17
17, 16
17, 18
18
18, 17
18, 19
19
19, 18
19, 500
20
20, 500
20, 21
21
21, 20
21, 22
22
22, 21
22, 23
23
23, 22
23, 24
24
24, 23
24, 500
25
25, 500
25, 26
26
26, 25
26, 27
27
27, 26
27, 28
28
28, 27
28, 29
29
29, 28
29, 500
30
30, 500
30, 31
31
31, 30
31, 32
32
32, 31
32, 33
33
33, 32
33, 34
34
34, 33
34, 500
35
35, 500
35, 36
36
36, 35
36, 37
37
37, 36
37, 38
38
38, 37
38, 39
39
39, 38
39, 500
40
40, 500
40, 41
41
41, 40
41, 42
42
42, 41
42, 43
43
43, 42
43, 44
44
44, 43
44, 500
45
45, 500
45, 46
46
46, 45
46, 47
47
47, 46
47, 48
48
48, 47
48, 49
49
49, 48
49, 500
50
50, 500
50, 51
51
51, 50
51, 52
52
52, 51
52, 53
53
53, 52
53, 54
54
54, 53
54, 500
55
55, 500
55, 56
56
56, 55
56, 57
57
57, 56
57, 58
58
58, 57
58, 59
59
59, 58
59, 500
60
60, 500
60, 61
61
61, 60
61, 62
62
62, 61
62, 63
63
63, 62
63, 64
64
64, 63
64, 500
65
65, 500
65, 66
66
66, 65
66, 67
67
67, 66
67, 68
68
68, 67
68, 69
69
69, 68
69, 500
70
70, 500
70, 71
71
71, 70
71, 72
72
72, 71
72, 73
73
73, 72
73, 74
74
74, 73
74, 500
75
75, 500
75, 76
76
76, 75
76, 77
77
77, 76
77, 78
78
78, 77
78, 79
79
79, 78
79, 500
80
80, 500
80, 81
81
81, 80
81, 82
82
82, 81
82, 83
83
83, 82
83, 84
84
84, 83
84, 500
85
85, 500
85, 86
86
86, 85
86, 87
87
87, 86
87, 88
88
88, 87
88, 89
89
89, 88
89, 500
90
90, 500
90, 91
91
91, 90
91, 92
92
92, 91
92, 93
93
93, 92
93, 94
94
94, 93
94, 500
95
95, 500
95, 96
96
96, 95
96, 97
97
97, 96
97, 98
98
98, 97
98, 99
99
99, 98
99, 500
100
100, 500
100, 101
101
101, 100
101, 102
102
102, 101
102, 103
103
103, 102
103, 104
104
104, 103
104, 500
105
105, 500
105, 106
106
106, 105
106, 107
107
107, 106
107, 108
108
108, 107
108, 109
109
109, 108
109, 500
110
110, 500
110, 111
111
111, 110
111, 112
112
112, 111
112, 113
113
113, 112
113, 114
114
114, 113
114, 500
115
115, 500
115, 116
116
116, 115
116, 117
117
117, 116
117, 118
118
118, 117
118, 119
119
119, 118
119, 500
120
120, 500
120, 121
121
121, 120
121, 122
122
122, 121
122, 123
123
123, 122
123, 124
124
124, 123
124, 500
125
125, 500
125, 126
126
126, 125
126, 127
127
127, 126
127, 128
128
128, 127
128, 129
129
129, 128
129, 500
130
130, 500
130, 131
131
131, 130
131, 132
132
132, 131
132, 133
133
133, 132
133, 134
134
134, 133
134, 500
135
135, 500
135, 136
136
136, 135
136, 137
137
137, 136
137, 138
138
138, 137
138, 139
139
139, 138
139, 500
140
140, 500
140, 141
141
141, 140
141, 142
142
142, 141
142, 143
143
143, 142
143, 144
144
144, 143
144, 500
145
145, 500
145, 146
146
146, 145
146, 147
147
147, 146
147, 148
148
148, 147
148, 149
149
149, 148
149, 500
150
150, 500
150, 151
151
151, 150
151, 152
152
152, 151
152, 153
153
153, 152
153, 154
154
154, 153
154, 500
155
155, 500
155, 156
156
156, 155
156, 157
157
157, 156
157, 158
158
158, 157
158, 159
159
159, 158
159, 500
160
160, 500
160, 161
161
161, 160
161, 162
162
162, 161
162, 163
163
163, 162
163, 164
164
164, 163
164, 500
165
165, 500
165, 166
166
166, 165
166, 167
167
167, 166
167, 168
168
168, 167
168, 169
169
169, 168
169, 500
170
170, 500
170, 171
171
171, 170
171, 172
172
172, 171
172, 173
173
173, 172
173, 174
174
174, 173
174, 500
175
175, 500
175, 176
176
176, 175
176, 177
177
177, 176
177, 178
178
178, 177
178, 179
179
179, 178
179, 500
180
180, 500
180, 181
181
181, 180
181, 182
182
182, 181
182, 183
183
183, 182
183, 184
184
184, 183
184, 500
185
185, 500
185, 186
186
186, 185
186, 187
187
187, 186
187, 188
188
188, 187
188, 189
189
189, 188
189, 500
190
190, 500
190, 191
191
191, 190
191, 192
192
192, 191
192, 193
193
193, 192
193, 194
194
194, 193
194, 500
195
195, 500
195, 196
196
196, 195
196, 197
197
197, 196
197, 198
198
198, 197
198, 199
199
199, 198
199, 500
200
200, 500
200, 201
201
201, 200
201, 202
202
202, 201
202, 203
203
203, 202
203, 204
204
204, 203
204, 500
205
205, 500
205, 206
206
206, 205
206, 207
207
207, 206
207, 208
208
208, 207
208, 209
209
209, 208
209, 500
210
210, 500
210, 211
211
211, 210
211, 212
212
212, 211
212, 213
213
213, 212
213, 214
214
214, 213
214, 500
215
215, 500
215, 216
216
216, 215
216, 217
217
217, 216
217, 218
218
218, 217
218, 219
219
219, 218
219, 500
220
220, 500
220, 221
221
221, 220
221, 222
222
222, 221
222, 223
223
223, 222
223, 224
224
224, 223
224, 500
225
225, 500
225, 226
226
226, 225
226, 227
227
227, 226
227, 228
228
228, 227
228, 229
229
229, 228
229, 500
230
230, 500
230, 231
231
231, 230
231, 232
232
232, 231
232, 233
233
233, 232
233, 234
234
234, 233
234, 500
235
235, 500
235, 236
236
236, 235
236, 237
237
237, 236
237, 238
238
238, 237
238, 239
239
239, 238
239, 500
240
240, 500
240, 241
241
241, 240
241, 242
242
242, 241
242, 243
243
243, 242
243, 244
244
244, 243
244, 500
245
245, 500
245, 246
246
246, 245
246, 247
247
247, 246
247, 248
248
248, 247
248, 249
249
249, 248
249, 500
250
250, 500
250, 251
251
251, 250
251, 252
251, 253
252
252, 251
252, 253
253
253, 252
253, 254
253, 251
254
254, 253
254, 500
255
255, 500
255, 256
256
256, 255
256, 257
257
257, 256
257, 258
258
258, 257
258, 259
259
259, 258
259, 500
260
260, 500
260, 261
261
261, 260
261, 262
262
262, 261
262, 263
263
263, 262
263, 264
264
264, 263
264, 500
265
265, 500
265, 266
266
266, 265
266, 267
267
267, 266
267, 268
268
268, 267
268, 269
269
269, 268
269, 500
270
270, 500
270, 271
271
271, 270
271, 272
272
272, 271
272, 273
273
273, 272
273, 274
274
274, 273
274, 500
275
275, 500
275, 276
276
276, 275
276, 277
277
277, 276
277, 278
278
278, 277
278, 279
279
279, 278
279, 500
280
280, 500
280, 281
281
281, 280
281, 282
282
282, 281
282, 283
283
283, 282
283, 284
284
284, 283
284, 500
285
285, 500
285, 286
286
286, 285
286, 287
287
287, 286
287, 288
288
288, 287
288, 289
289
289, 288
289, 500
290
290, 500
290, 291
291
291, 290
291, 292
292
292, 291
292, 293
293
293, 292
293, 294
294
294, 293
294, 500
295
295, 500
295, 296
296
296, 295
296, 297
297
297, 296
297, 298
298
298, 297
298, 299
299
299, 298
299, 500
300
300, 500
300, 301
301
301, 300
301, 302
302
302, 301
302, 303
303
303, 302
303, 304
304
304, 303
304, 500
305
305, 500
305, 306
306
306, 305
306, 307
307
307, 306
307, 308
308
308, 307
308, 309
309
309, 308
309, 500
310
310, 500
310, 311
311
311, 310
311, 312
312
312, 311
312, 313
313
313, 312
313, 314
314
314, 313
314, 500
315
315, 500
315, 316
316
316, 315
316, 317
317
317, 316
317, 318
318
318, 317
318, 319
319
319, 318
319, 500
320
320, 500
320, 321
321
321, 320
321, 322
322
322, 321
322, 323
323
323, 322
323, 324
324
324, 323
324, 500
325
325, 500
325, 326
326
326, 325
326, 327
327
327, 326
327, 328
328
328, 327
328, 329
329
329, 328
329, 500
330
330, 500
330, 331
331
331, 330
331, 332
332
332, 331
332, 333
333
333, 332
333, 334
334
334, 333
334, 500
335
335, 500
335, 336
336
336, 335
336, 337
337
337, 336
337, 338
338
338, 337
338, 339
339
339, 338
339, 500
340
340, 500
340, 341
341
341, 340
341, 342
342
342, 341
342, 343
343
343, 342
343, 344
344
344, 343
344, 500
345
345, 500
345, 346
346
346, 345
346, 347
347
347, 346
347, 348
348
348, 347
348, 349
349
349, 348
349, 500
350
350, 500
350, 351
351
351, 350
351, 352
352
352, 351
352, 353
353
353, 352
353, 354
354
354, 353
354, 500
355
355, 500
355, 356
356
356, 355
356, 357
357
357, 356
357, 358
358
358, 357
358, 359
359
359, 358
359, 500
360
360, 500
360, 361
361
361, 360
361, 362
362
362, 361
362, 363
363
363, 362
363, 364
364
364, 363
364, 500
365
365, 500
365, 366
366
366, 365
366, 367
367
367, 366
367, 368
368
368, 367
368, 369
369
369, 368
369, 500
370
370, 500
370, 371
371
371, 370
371, 372
372
372, 371
372, 373
373
373, 372
373, 374
374
374, 373
374, 500
375
375, 500
375, 376
376
376, 375
376, 377
377
377, 376
377, 378
378
378, 377
378, 379
379
379, 378
379, 500
380
380, 500
380, 381
381
381, 380
381, 382
382
382, 381
382, 383
383
383, 382
383, 384
384
384, 383
384, 500
385
385, 500
385, 386
386
386, 385
386, 387
387
387, 386
387, 388
388
388, 387
388, 389
389
389, 388
389, 500
390
390, 500
390, 391
391
391, 390
391, 392
392
392, 391
392, 393
393
393, 392
393, 394
394
394, 393
394, 500
395
395, 500
395, 396
396
396, 395
396, 397
397
397, 396
397, 398
398
398, 397
398, 399
399
399, 398
399, 500
400
400, 500
400, 401
401
401, 400
401, 402
402
402, 401
402, 403
403
403, 402
403, 404
404
404, 403
404, 500
405
405, 500
405, 406
406
406, 405
406, 407
407
407, 406
407, 408
408
408, 407
408, 409
409
409, 408
409, 500
410
410, 500
410, 411
411
411, 410
411, 412
412
412, 411
412, 413
413
413, 412
413, 414
414
414, 413
414, 500
415
415, 500
415, 416
416
416, 415
416, 417
417
417, 416
417, 418
418
418, 417
418, 419
419
419, 418
419, 500
420
420, 500
420, 421
421
421, 420
421, 422
422
422, 421
422, 423
423
423, 422
423, 424
424
424, 423
424, 500
425
425, 500
425, 426
426
426, 425
426, 427
427
427, 426
427, 428
428
428, 427
428, 429
429
429, 428
429, 500
430
430, 500
430, 431
431
431, 430
431, 432
432
432, 431
432, 433
433
433, 432
433, 434
434
434, 433
434, 500
435
435, 500
435, 436
436
436, 435
436, 437
437
437, 436
437, 438
438
438, 437
438, 439
439
439, 438
439, 500
440
440, 500
440, 441
441
441, 440
441, 442
442
442, 441
442, 443
443
443, 442
443, 444
444
444, 443
444, 500
445
445, 500
445, 446
446
446, 445
446, 447
447
447, 446
447, 448
448
448, 447
448, 449
449
449, 448
449, 500
450
450, 500
450, 451
451
451, 450
451, 452
452
452, 451
452, 453
453
453, 452
453, 454
454
454, 453
454, 500
455
455, 500
455, 456
456
456, 455
456, 457
457
457, 456
457, 458
458
458, 457
458, 459
459
459, 458
459, 500
460
460, 500
460, 461
461
461, 460
461, 462
462
462, 461
462, 463
463
463, 462
463, 464
464
464, 463
464, 500
465
465, 500
465, 466
466
466, 465
466, 467
467
467, 466
467, 468
468
468, 467
468, 469
469
469, 468
469, 500
470
470, 500
470, 471
471
471, 470
471, 472
472
472, 471
472, 473
473
473, 472
473, 474
474
474, 473
474, 500
475
475, 500
475, 476
476
476, 475
476, 477
477
477, 476
477, 478
478
478, 477
478, 479
479
479, 478
479, 500
480
480, 500
480, 481
481
481, 480
481, 482
482
482, 481
482, 483
483
483, 482
483, 484
484
484, 483
484, 500
485
485, 500
485, 486
486
486, 485
486, 487
487
487, 486
487, 488
488
488, 487
488, 489
489
489, 488
489, 500
490
490, 500
490, 491
491
491, 490
491, 492
492
492, 491
492, 493
493
493, 492
493, 494
494
494, 493
494, 500
495
495, 500
495, 496
496
496, 495
496, 497
497
497, 496
497, 498
498
498, 497
498, 499
499
499, 498
499, 500
500
500, 0
500, 4
500, 5
500, 9
500, 10
500, 14
500, 15
500, 19
500, 20
500, 24
500, 25
500, 29
500, 30
500, 34
500, 35
500, 39
500, 40
500, 44
500, 45
500, 49
500, 50
500, 54
500, 55
500, 59
500, 60
500, 64
500, 65
500, 69
500, 70
500, 74
500, 75
500, 79
500, 80
500, 84
500, 85
500, 89
500, 90
500, 94
500, 95
500, 99
500, 100
500, 104
500, 105
500, 109
500, 110
500, 114
500, 115
500, 119
500, 120
500, 124
500, 125
500, 129
500, 130
500, 134
500, 135
500, 139
500, 140
500, 144
500, 145
500, 149
500, 150
500, 154
500, 155
500, 159
500, 160
500, 164
500, 165
500, 169
500, 170
500, 174
500, 175
500, 179
500, 180
500, 184
500, 185
500, 189
500, 190
500, 194
500, 195
500, 199
500, 200
500, 204
500, 205
500, 209
500, 210
500, 214
500, 215
500, 219
500, 220
500, 224
500, 225
500, 229
500, 230
500, 234
500, 235
500, 239
500, 240
500, 244
500, 245
500, 249
500, 250
500, 254
500, 255
500, 259
500, 260
500, 264
500, 265
500, 269
500, 270
500, 274
500, 275
500, 279
500, 280
500, 284
500, 285
500, 289
500, 290
500, 294
500, 295
500, 299
500, 300
500, 304
500, 305
500, 309
500, 310
500, 314
500, 315
500, 319
500, 320
500, 324
500, 325
500, 329
500, 330
500, 334
500, 335
500, 339
500, 340
500, 344
500, 345
500, 349
500, 350
500, 354
500, 355
500, 359
500, 360
500, 364
500, 365
500, 369
500, 370
500, 374
500, 375
500, 379
500, 380
500, 384
500, 385
500, 389
500, 390
500, 394
500, 395
500, 399
500, 400
500, 404
500, 405
500, 409
500, 410
500, 414
500, 415
500, 419
500, 420
500, 424
500, 425
500, 429
500, 430
500, 434
500, 435
500, 439
500, 440
500, 444
500, 445
500, 449
500, 450
500, 454
500, 455
500, 459
500, 460
500, 464
500, 465
500, 469
500, 470
500, 474
500, 475
500, 479
500, 480
500, 484
500, 485
500, 489
500, 490
500, 494
500, 495
500, 499
