56,0
26,1
37,2
1,3
5,4
24,5
52,6
33,7
0,8
10,9
46,10
46,11
11,12
50,13
44,14
13,15
42,16
7,17
12,18
51,19
5,20
21,21
54,22
30,23
15,24
5,25
18,26
22,27
51,28
24,29
54,30
35,31
28,32
43,33
21,34
50,35
37,36
46,37
19,38
47,39
41,40
3,41
32,42
24,43
41,44
30,45
46,46
11,47
36,48
28,49
17,50
30,51
52,52
35,53
21,54
49,55
44,56
50,57
10,58
35,59
24,60
4,61
1,62
50,63
17,64
56,65
20,66
0,67
42,68
49,69
33,70
43,71
19,72
30,73
3,74
44,75
33,76
10,77
4,78
31,79
26,80
27,81
12,82
41,83
47,84
26,85
49,86
30,87
12,88
18,89
47,90
49,91
34,92
44,93
24,94
23,95
10,96
33,97
29,98
1,99
5,100
13,101
42,102
39,103
21,104
46,105
3,106
44,107
30,108
38,109
48,110
47,111
52,112
56,113
4,114
42,115
44,116
22,117
1,118
24,119
28,120
37,121
17,122
7,123
12,124
8,125
26,126
34,127
52,128
35,129
29,130
41,131
17,132
51,133
7,134
21,135
20,136
10,137
30,138
53,139
10,140
44,141
48,142
7,143
56,144
7,145
42,146
38,147
56,148
52,149
47,150
54,151
46,152
26,153
47,154
38,155
4,156
50,157
7,158
44,159
52,160
9,161
28,162
34,163
37,164
50,165
41,166
38,167
42,168
20,169
0,170
12,171
24,172
34,173
50,174
46,175
32,176
21,177
31,178
47,179
46,180
24,181
31,182
4,183
36,184
3,185
38,186
15,187
20,188
34,189
51,190
24,191
34,192
51,193
23,194
9,195
46,196
21,197
10,198
37,199
50,200
3,201
33,202
1,203
49,204
10,205
42,206
35,207
37,208
27,209
1,210
20,211
51,212
32,213
35,214
20,215
26,216
12,217
8,218
51,219
39,220
5,221
15,222
54,223
48,224
26,225
53,226
0,227
29,228
15,229
28,230
54,231
3,232
13,233
8,234
53,235
56,236
9,237
33,238
37,239
55,240
49,241
47,242
27,243
0,244
5,245
17,246
28,247
46,248
15,249
44,250
53,251
47,252
22,253
51,254
18,255
30,256
10,257
46,258
27,259
3,260
39,261
52,262
34,263
12,264
32,265
9,266
53,267
54,268
53,269
1,270
21,271
38,272
55,273
49,274
4,275
56,276
28,277
38,278
27,279
54,280
29,281
34,282
29,283
43,284
11,285
8,286
5,287
0,288
46,289
8,290
4,291
51,292
38,293
13,294
41,295
48,296
48,297
39,298
17,299
48,300
11,301
13,302
26,303
56,304
43,305
42,306
20,307
19,308
35,309
29,310
43,311
28,312
24,313
8,314
39,315
51,316
33,317
4,318
7,319
26,320
29,321
41,322
33,323
10,324
50,325
30,326
39,327
5,328
39,329
23,330
44,331
56,332
29,333
55,334
17,335
48,336
7,337
55,338
55,339
56,340
20,341
22,342
32,343
34,344
10,345
3,346
18,347
48,348
33,349
49,350
39,351
13,352
30,353
19,354
55,355
29,356
34,357
56,358
22,359
37,360
10,361
12,362
42,363
5,364
22,365
4,366
32,367
33,368
54,369
30,370
18,371
12,372
0,373
51,374
34,375
32,376
35,377
49,378
1,379
29,380
44,381
31,382
17,383
17,384
23,385
32,386
53,387
31,388
55,389
1,390
46,391
42,392
47,393
32,394
19,395
0,396
9,397
50,398
20,399
20,400
35,401
31,402
47,403
15,404
37,405
23,406
5,407
3,408
13,409
50,410
24,411
53,412
35,413
17,414
35,415
27,416
31,417
19,418
15,419
49,420
8,421
22,422
28,423
3,424
18,425
35,426
29,427
29,428
38,429
18,430
47,431
28,432
38,433
37,434
20,435
27,436
1,437
8,438
49,439
36,440
12,441
12,442
30,443
53,444
17,445
51,446
11,447
13,448
34,449
31,450
24,451
42,452
55,453
7,454
9,455
51,456
21,457
21,458
3,459
36,460
48,461
34,462
31,463
27,464
27,465
11,466
17,467
23,468
48,469
1,470
5,471
1,472
26,473
43,474
22,475
42,476
32,477
17,478
48,479
31,480
49,481
41,482
0,483
47,484
29,485
55,486
46,487
11,488
8,489
10,490
34,491
8,492
50,493
20,494
37,495
27,496
29,497
24,498
26,499
7,500
18,501
42,502
39,503
36,504
5,505
29,506
11,507
35,508
7,509
20,510
0,511
12,512
28,513
22,514
33,515
39,516
46,517
21,518
4,519
3,520
32,521
12,522
21,523
9,524
13,525
10,526
13,527
15,528
34,529
10,530
23,531
28,532
44,533
27,534
50,535
56,536
15,537
4,538
36,539
48,540
10,541
39,542
3,543
22,544
28,545
48,546
31,547
24,548
30,549
27,550
48,551
43,552
4,553
55,554
21,555
41,556
27,557
27,558
46,559
34,560
42,561
56,562
56,563
12,564
22,565
17,566
53,567
44,568
41,569
31,570
50,571
23,572
26,573
39,574
19,575
8,576
53,577
22,578
51,579
9,580
37,581
55,582
49,583
52,584
9,585
5,586
10,587
43,588
3,589
24,590
52,591
52,592
39,593
23,594
52,595
52,596
36,597
26,598
49,599
54,600
33,601
54,602
4,603
32,604
47,605
8,606
19,607
29,608
13,609
51,610
26,611
43,612
17,613
1,614
38,615
27,616
15,617
18,618
15,619
37,620
21,621
29,622
36,623
36,624
31,625
7,626
0,627
43,628
33,629
49,630
53,631
43,632
48,633
23,634
43,635
36,636
12,637
29,638
18,639
55,640
36,641
54,642
1,643
20,644
15,645
11,646
19,647
32,648
33,649
51,650
36,651
7,652
4,653
26,654
20,655
53,656
50,657
26,658
44,659
43,660
19,661
47,662
33,663
21,664
51,665
37,666
13,667
23,668
21,669
20,670
22,671
7,672
27,673
28,674
30,675
32,676
18,677
26,678
46,679
54,680
28,681
5,682
38,683
55,684
17,685
38,686
23,687
35,688
48,689
28,690
41,691
23,692
23,693
42,694
11,695
28,696
34,697
52,698
11,699
54,700
30,701
32,702
54,703
18,704
19,705
43,706
41,707
0,708
28,709
11,710
7,711
9,712
36,713
23,714
18,715
27,716
50,717
32,718
42,719
4,720
51,721
53,722
19,723
51,724
34,725
5,726
52,727
52,728
37,729
22,730
55,731
30,732
43,733
35,734
38,735
18,736
46,737
35,738
38,739
56,740
15,741
41,742
31,743
4,744
19,745
28,746
3,747
0,748
32,749
43,750
9,751
19,752
39,753
38,754
53,755
50,756
11,757
15,758
43,759
39,760
54,761
46,762
39,763
26,764
35,765
26,766
15,767
19,768
8,769
8,770
18,771
44,772
49,773
39,774
32,775
35,776
15,777
34,778
37,779
49,780
33,781
24,782
47,783
53,784
12,785
31,786
4,787
9,788
36,789
22,790
38,791
15,792
20,793
1,794
20,795
1,796
15,797
13,798
22,799
17,800
32,801
35,802
36,803
0,804
5,805
0,806
15,807
42,808
41,809
8,810
33,811
51,812
30,813
26,814
18,815
52,816
44,817
4,818
1,819
29,820
28,821
42,822
27,823
31,824
50,825
41,826
54,827
13,828
12,829
0,830
38,831
7,832
8,833
48,834
23,835
9,836
18,837
11,838
21,839
13,840
13,841
39,842
8,843
42,844
22,845
36,846
12,847
37,848
19,849
21,850
50,851
53,852
7,853
47,854
4,855
9,856
41,857
8,858
7,859
30,860
0,861
9,862
34,863
11,864
12,865
9,866
52,867
55,868
8,869
32,870
12,871
21,872
56,873
35,874
22,875
41,876
49,877
38,878
48,879
36,880
44,881
1,882
41,883
21,884
10,885
47,886
31,887
48,888
5,889
3,890
33,891
43,892
38,893
10,894
52,895
1,896
19,897
0,898
20,899
53,900
24,901
19,902
52,903
55,904
9,905
13,906
19,907
39,908
55,909
9,910
22,911
37,912
13,913
54,914
31,915
20,916
47,917
46,918
56,919
39,920
36,921
13,922
49,923
0,924
43,925
11,926
18,927
33,928
11,929
24,930
17,931
18,932
15,933
42,934
36,935
3,936
53,937
53,938
9,939
31,940
47,941
50,942
11,943
30,944
41,945
3,946
44,947
9,948
5,949
36,950
56,951
19,952
37,953
8,954
23,955
54,956
7,957
7,958
41,959
23,960
33,961
56,962
52,963
23,964
37,965
4,966
18,967
27,968
29,969
13,970
3,971
23,972
49,973
54,974
3,975
27,976
55,977
24,978
1,979
31,980
17,981
55,982
44,983
11,984
43,985
44,986
30,987
54,988
17,989
5,990
11,991
5,992
55,993
10,994
24,995
22,996
56,997
0,998
48,999
