50
4, 1, 6, 8, 3, 0, 7, 2, 5, 9
4, 1, 6, 8, 3, 0, 7, 2, 5, 9
4, 1, 6, 8, 3, 0, 7, 2, 5, 9
4, 1, 6, 8, 3, 0, 7, 2, 5, 9
4, 1, 6, 8, 3, 0, 7, 2, 5, 9
4, 1, 6, 8, 3, 0, 7, 2, 5, 9
4, 1, 6, 8, 3, 0, 7, 2, 5, 9
4, 1, 6, 8, 3, 0, 7, 2, 5, 9
4, 1, 6, 8, 3, 0, 7, 2, 5, 9
4, 1, 6, 8, 3, 0, 7, 2, 5, 9
4, 1, 6, 8, 3, 0, 7, 2, 5, 9
4, 1, 6, 8, 3, 0, 7, 2, 5, 9
4, 1, 6, 8, 3, 0, 7, 2, 5, 9
4, 1, 6, 8, 3, 0, 7, 2, 5, 9
4, 1, 6, 8, 3, 0, 7, 2, 5, 9
4, 1, 6, 8, 3, 0, 7, 2, 5, 9
4, 1, 6, 8, 3, 0, 7, 2, 5, 9
4, 1, 6, 8, 3, 0, 7, 2, 5, 9
4, 1, 6, 8, 3, 0, 7, 2, 5, 9
4, 1, 6, 8, 3, 0, 7, 2, 5, 9
4, 1, 6, 8, 3, 0, 7, 2, 5, 9
4, 1, 6, 8, 3, 0, 7, 2, 5, 9
4, 1, 6, 8, 3, 0, 7, 2, 5, 9
4, 1, 6, 8, 3, 0, 7, 2, 5, 9
4, 1, 6, 8, 3, 0, 7, 2, 5, 9
4, 1, 6, 8, 3, 0, 7, 2, 5, 9
4, 1, 6, 8, 3, 0, 7, 2, 5, 9
4, 1, 6, 8, 3, 0, 7, 2, 5, 9
4, 1, 6, 8, 3, 0, 7, 2, 5, 9
4, 1, 6, 8, 3, 0, 7, 2, 5, 9
4, 1, 6, 8, 3, 0, 7, 2, 5, 9
4, 1, 6, 8, 3, 0, 7, 2, 5, 9
4, 1, 6, 8, 3, 0, 7, 2, 5, 9
4, 1, 6, 8, 3, 0, 7, 2, 5, 9
4, 1, 6, 8, 3, 0, 7, 2, 5, 9
4, 1, 6, 8, 3, 0, 7, 2, 5, 9
4, 1, 6, 8, 3, 0, 7, 2, 5, 9
4, 1, 6, 8, 3, 0, 7, 2, 5, 9
4, 1, 6, 8, 3, 0, 7, 2, 5, 9
4, 1, 6, 8, 3, 0, 7, 2, 5, 9
4, 1, 6, 8, 3, 0, 7, 2, 5, 9
4, 1, 6, 8, 3, 0, 7, 2, 5, 9
4, 1, 6, 8, 3, 0, 7, 2, 5, 9
4, 1, 6, 8, 3, 0, 7, 2, 5, 9
4, 1, 6, 8, 3, 0, 7, 2, 5, 9
4, 1, 6, 8, 3, 0, 7, 2, 5, 9
4, 1, 6, 8, 3, 0, 7, 2, 5, 9
4, 1, 6, 8, 3, 0, 7, 2, 5, 9
4, 1, 6, 8, 3, 0, 7, 2, 5, 9
4, 1, 6, 8, 3, 0, 7, 2, 5, 9
